   3.0000000000000000        0.0000000000000000     
   1.4244307574545512       0.40000000000000002     
  -1.4635436349214126       0.80000000000000004     
  -1.0579567712674640        1.2000000000000002     
   2.6157068341288747        1.6000000000000001     
   4.9021130325903073        2.0000000000000000     
   2.9231044399813819        2.4000000000000004     
 -0.46247648166746735        2.8000000000000003     
 -0.61739687819280031        3.2000000000000002     
   2.4680774686764257        3.6000000000000001     
   4.1755705045849467        4.0000000000000000     
   1.6633000884941915        4.4000000000000004     
  -2.1763845159962383        4.8000000000000007     
  -2.6777174502534464        5.2000000000000002     
  0.19080187775549351        5.6000000000000005     
   1.8244294954150533        6.0000000000000000     
 -0.61397550242674537        6.4000000000000004     
  -4.2367050880568877        6.8000000000000007     
  -4.3916254845822138        7.2000000000000002     
  -1.0690024737316903        7.6000000000000005     
   1.0978869674096927        8.0000000000000000     
 -0.76160486787919934        8.4000000000000004     
  -3.7961451949822265        8.8000000000000007     
  -3.3905583313282648        9.2000000000000011     
  0.42967120879514670        9.6000000000000014     
   3.0000000000000013        10.000000000000000     
   1.4244307574545374        10.400000000000000     
  -1.4635436349214204        10.800000000000001     
  -1.0579567712674540        11.200000000000001     
   2.6157068341288889        11.600000000000001     
   4.9021130325903073        12.000000000000000     
   2.9231044399813682        12.400000000000000     
 -0.46247648166747624        12.800000000000001     
 -0.61739687819279232        13.200000000000001     
   2.4680774686764386        13.600000000000001     
   4.1755705045849467        14.000000000000000     
   1.6633000884941782        14.400000000000000     
  -2.1763845159962472        14.800000000000001     
  -2.6777174502534389        15.200000000000001     
  0.19080187775550617        15.600000000000001     
   1.8244294954150544        16.000000000000000     
 -0.61397550242675913        16.400000000000002     
  -4.2367050880568957        16.800000000000001     
  -4.3916254845822049        17.199999999999999     
  -1.0690024737316761        17.600000000000001     
   1.0978869674096936        18.000000000000000     
 -0.76160486787921355        18.400000000000002     
  -3.7961451949822358        18.800000000000001     
  -3.3905583313282550        19.200000000000003     
  0.42967120879516191        19.600000000000001     
   3.0000000000000027        20.000000000000000     
   1.4244307574544419        20.400000000000002     
  -1.4635436349214292        20.800000000000001     
  -1.0579567712674958        21.200000000000003     
   2.6157068341289036        21.600000000000001     
   4.9021130325903082        22.000000000000000     
   2.9231044399813544        22.400000000000002     
 -0.46247648166743449        22.800000000000001     
 -0.61739687819278366        23.200000000000003     
   2.4680774686765341        23.600000000000001     
   4.1755705045849441        24.000000000000000     
   1.6633000884942424        24.400000000000002     
  -2.1763845159962552        24.800000000000001     
  -2.6777174502533798        25.200000000000003     
  0.19080187775552060        25.600000000000001     
   1.8244294954150548        26.000000000000000     
 -0.61397550242677490        26.400000000000002     
  -4.2367050880569543        26.800000000000001     
  -4.3916254845821969        27.200000000000003     
  -1.0690024737317434        27.600000000000001     
   1.0978869674096925        28.000000000000000     
 -0.76160486787930715        28.400000000000002     
  -3.7961451949822447        28.800000000000001     
  -3.3905583313282941        29.200000000000003     
  0.42967120879517545        29.600000000000001     
   2.9999999999999987        30.000000000000000     
   1.4244307574545121        30.400000000000002     
  -1.4635436349213884        30.800000000000001     
  -1.0579567712674349        31.200000000000003     
   2.6157068341289982        31.600000000000001     
   4.9021130325903064        32.000000000000000     
   2.9231044399814214        32.399999999999999     
 -0.46247648166749333        32.800000000000004     
 -0.61739687819272593        33.200000000000003     
   2.4680774686764670        33.600000000000001     
   4.1755705045849414        34.000000000000000     
   1.6633000884941476        34.399999999999999     
  -2.1763845159963133        34.800000000000004     
  -2.6777174502534242        35.200000000000003     
  0.19080187775545387        35.600000000000001     
   1.8244294954150495        36.000000000000000     
 -0.61397550242686982        36.399999999999999     
  -4.2367050880569126        36.800000000000004     
  -4.3916254845822387        37.200000000000003     
  -1.0690024737316484        37.600000000000001     
   1.0978869674096945        38.000000000000000     
 -0.76160486787924020        38.400000000000006     
  -3.7961451949822029        38.800000000000004     
  -3.3905583313282359        39.200000000000003     
  0.42967120879526999        39.600000000000001     
   3.0000000000000053        40.000000000000000     
   1.4244307574545787        40.400000000000006     
  -1.4635436349215478        40.800000000000004     
  -1.0579567712673761        41.200000000000003     
   2.6157068341289311        41.600000000000001     
   4.9021130325903091        42.000000000000000     
   2.9231044399814885        42.400000000000006     
 -0.46247648166755195        42.800000000000004     
 -0.61739687819276745        43.200000000000003     
   2.4680774686764000        43.600000000000001     
   4.1755705045849423        44.000000000000000     
   1.6633000884940530        44.400000000000006     
  -2.1763845159962787        44.800000000000004     
  -2.6777174502534655        45.200000000000003     
  0.19080187775538726        45.600000000000001     
   1.8244294954150497        46.000000000000000     
 -0.61397550242680243        46.400000000000006     
  -4.2367050880568744        46.800000000000004     
  -4.3916254845820788        47.200000000000003     
  -1.0690024737315533        47.600000000000001     
   1.0978869674096943        48.000000000000000     
 -0.76160486787917336        48.400000000000006     
  -3.7961451949821567        48.800000000000004     
  -3.3905583313281777        49.200000000000003     
  0.42967120879520243        49.600000000000001     
   3.0000000000000044        50.000000000000000     
   1.4244307574543209        50.400000000000006     
  -1.4635436349215007        50.800000000000004     
  -1.0579567712674183        51.200000000000003     
   2.6157068341288636        51.600000000000001     
   4.9021130325903064        52.000000000000000     
   2.9231044399812318        52.400000000000006     
 -0.46247648166751176        52.800000000000004     
 -0.61739687819280853        53.200000000000003     
   2.4680774686766576        53.600000000000001     
   4.1755705045849485        54.000000000000000     
   1.6633000884941140        54.400000000000006     
  -2.1763845159962365        54.800000000000004     
  -2.6777174502535064        55.200000000000003     
  0.19080187775564506        55.600000000000001     
   1.8244294954150559        56.000000000000000     
 -0.61397550242673948        56.400000000000006     
  -4.2367050880570334        56.800000000000004     
  -4.3916254845821205        57.200000000000003     
  -1.0690024737316204        57.600000000000001     
   1.0978869674096920        58.000000000000000     
 -0.76160486787910275        58.400000000000006     
  -3.7961451949823166        58.800000000000004     
  -3.3905583313282190        59.200000000000003     
  0.42967120879513493        59.600000000000001     
   2.9999999999999969        60.000000000000000     
   1.4244307574543946        60.400000000000006     
  -1.4635436349214594        60.800000000000004     
  -1.0579567712674605        61.200000000000003     
   2.6157068341287966        61.600000000000001     
   4.9021130325903064        62.000000000000000     
   2.9231044399812989        62.400000000000006     
 -0.46247648166747002        62.800000000000004     
 -0.61739687819264932        63.200000000000003     
   2.4680774686765909        63.600000000000001     
   4.1755705045849485        64.000000000000000     
   1.6633000884941818        64.400000000000006     
  -2.1763845159961948        64.799999999999997     
  -2.6777174502533470        65.200000000000003     
  0.19080187775557833        65.600000000000009     
   1.8244294954150448        66.000000000000000     
 -0.61397550242699639        66.400000000000006     
  -4.2367050880569916        66.799999999999997     
  -4.3916254845821623        67.200000000000003     
  -1.0690024737316874        67.600000000000009     
   1.0978869674096963        68.000000000000000     
 -0.76160486787936033        68.400000000000006     
  -3.7961451949822758        68.799999999999997     
  -3.3905583313282612        69.200000000000003     
  0.42967120879539167        69.600000000000009     
   3.0000000000000107        70.000000000000000     
   1.4244307574544612        70.400000000000006     
  -1.4635436349214186        70.799999999999997     
  -1.0579567712675020        71.200000000000003     
   2.6157068341290532        71.600000000000009     
   4.9021130325903108        72.000000000000000     
   2.9231044399813655        72.400000000000006     
 -0.46247648166762945        72.799999999999997     
 -0.61739687819269040        73.200000000000003     
   2.4680774686765243        73.600000000000009     
   4.1755705045849378        74.000000000000000     
   1.6633000884942493        74.400000000000006     
  -2.1763845159963533        74.799999999999997     
  -2.6777174502533878        75.200000000000003     
  0.19080187775551161        75.600000000000009     
   1.8244294954150453        76.000000000000000     
 -0.61397550242692911        76.400000000000006     
  -4.2367050880569499        76.800000000000011     
  -4.3916254845822031        77.200000000000003     
  -1.0690024737317545        77.600000000000009     
   1.0978869674096960        78.000000000000000     
 -0.76160486787929338        78.400000000000006     
  -3.7961451949822340        78.800000000000011     
  -3.3905583313281027        79.200000000000003     
  0.42967120879532406        79.600000000000009     
