   2.0000000000000000        0.0000000000000000     
   2.9886813375875168        4.0000000000000001E-002
   3.4227945991278856        8.0000000000000002E-002
   3.3616490165584163       0.12000000000000000     
   2.9526674820504688       0.16000000000000000     
   2.3819660112501051       0.20000000000000001     
   1.8199966625516588       0.23999999999999999     
   1.3765150057232873       0.28000000000000003     
   1.0762930296725139       0.32000000000000001     
  0.86130534832834083       0.35999999999999999     
  0.61803398874989490       0.40000000000000002     
  0.22186927734303463       0.44000000000000000     
 -0.41397468691262973       0.47999999999999998     
  -1.2989016552425272       0.52000000000000002     
  -2.3462888103377919       0.56000000000000005     
  -3.3819660112501064       0.59999999999999998     
  -4.1789886943520642       0.64000000000000001     
  -4.5109159569971711       0.68000000000000005     
  -4.2106939809463961       0.71999999999999997     
  -3.2202973801287458       0.76000000000000001     
  -1.6180339887498962       0.80000000000000004     
  0.38450939436964393       0.83999999999999997     
   2.4767220482285204       0.88000000000000000     
   4.3077215674577820       0.92000000000000004     
   5.5568394252683415       0.95999999999999996     
   6.0000000000000000        1.0000000000000000     
   5.5568394252683415        1.0400000000000000     
   4.3077215674577829        1.0800000000000001     
   2.4767220482285168        1.1200000000000001     
  0.38450939436964493        1.1599999999999999     
  -1.6180339887498947        1.2000000000000000     
  -3.2202973801287440        1.2400000000000000     
  -4.2106939809463935        1.2800000000000000     
  -4.5109159569971657        1.3200000000000001     
  -4.1789886943520589        1.3600000000000001     
  -3.3819660112501064        1.4000000000000001     
  -2.3462888103377919        1.4399999999999999     
  -1.2989016552425281        1.4800000000000000     
 -0.41397468691263239        1.5200000000000000     
  0.22186927734302864        1.5600000000000001     
  0.61803398874989435        1.6000000000000001     
  0.86130534832833872        1.6400000000000001     
   1.0762930296725104        1.6799999999999999     
   1.3765150057232847        1.7200000000000000     
   1.8199966625516586        1.7600000000000000     
   2.3819660112501082        1.8000000000000000     
   2.9526674820504692        1.8400000000000001     
   3.3616490165584190        1.8800000000000001     
   3.4227945991278896        1.9199999999999999     
   2.9886813375875212        1.9600000000000000     
   2.0000000000000027        2.0000000000000000     
  0.51654538258794691        2.0400000000000000     
  -1.2794874192118977        2.0800000000000001     
  -3.1104869384411677        2.1200000000000001     
  -4.6557846483107621        2.1600000000000001     
  -5.6180339887498976        2.2000000000000002     
  -5.7884554678095714        2.2400000000000002     
  -5.0956209492762898        2.2800000000000002     
  -3.6259889886672729        2.3199999999999998     
  -1.6108306066712450        2.3599999999999999     
  0.61803398874989646        2.3999999999999999     
   2.6940052323426209        2.4399999999999999     
   4.2883073314271520        2.4800000000000000     
   5.1732342997570449        2.5200000000000000     
   5.2621633200234346        2.5600000000000001     
   4.6180339887498976        2.6000000000000001     
   3.4294634360091605        2.6400000000000001     
   1.9612199980024165        2.6800000000000002     
  0.49158803739338919        2.7200000000000002     
 -0.74816142512916906        2.7600000000000002     
  -1.6180339887498931        2.8000000000000003     
  -2.0876265606299196        2.8399999999999999     
  -2.2255599701112629        2.8799999999999999     
  -2.1644143875417914        2.9199999999999999     
  -2.0516127050928850        2.9600000000000000     
  -2.0000000000000000        3.0000000000000000     
  -2.0516127050928912        3.0400000000000000     
  -2.1644143875417940        3.0800000000000001     
  -2.2255599701112772        3.1200000000000001     
  -2.0876265606299480        3.1600000000000001     
  -1.6180339887498969        3.2000000000000002     
 -0.74816142512916373        3.2400000000000002     
  0.49158803739338652        3.2800000000000002     
   1.9612199980024099        3.3200000000000003     
   3.4294634360091663        3.3599999999999999     
   4.6180339887499056        3.3999999999999999     
   5.2621633200234417        3.4399999999999999     
   5.1732342997570591        3.4800000000000000     
   4.2883073314271565        3.5200000000000000     
   2.6940052323426089        3.5600000000000001     
  0.61803398874988913        3.6000000000000001     
  -1.6108306066712328        3.6400000000000001     
  -3.6259889886672676        3.6800000000000002     
  -5.0956209492762969        3.7200000000000002     
  -5.7884554678095679        3.7600000000000002     
  -5.6180339887498887        3.8000000000000003     
  -4.6557846483107568        3.8399999999999999     
  -3.1104869384411629        3.8799999999999999     
  -1.2794874192118970        3.9199999999999999     
  0.51654538258792693        3.9600000000000000     
   1.9999999999999951        4.0000000000000000     
   2.9886813375875168        4.0400000000000000     
   3.4227945991278714        4.0800000000000001     
   3.3616490165584021        4.1200000000000001     
   2.9526674820504661        4.1600000000000001     
   2.3819660112500993        4.2000000000000002     
   1.8199966625516553        4.2400000000000002     
   1.3765150057232935        4.2800000000000002     
   1.0762930296725230        4.3200000000000003     
  0.86130534832834016        4.3600000000000003     
  0.61803398874992388        4.4000000000000004     
  0.22186927734304818        4.4400000000000004     
 -0.41397468691262262        4.4800000000000004     
  -1.2989016552425301        4.5200000000000005     
  -2.3462888103377946        4.5600000000000005     
  -3.3819660112501144        4.6000000000000005     
  -4.1789886943520695        4.6399999999999997     
  -4.5109159569971782        4.6799999999999997     
  -4.2106939809464139        4.7199999999999998     
  -3.2202973801287573        4.7599999999999998     
  -1.6180339887498951        4.7999999999999998     
  0.38450939436964904        4.8399999999999999     
   2.4767220482285381        4.8799999999999999     
   4.3077215674577811        4.9199999999999999     
   5.5568394252683397        4.9600000000000000     
   6.0000000000000000        5.0000000000000000     
   5.5568394252683460        5.0400000000000000     
   4.3077215674577802        5.0800000000000001     
   2.4767220482285177        5.1200000000000001     
  0.38450939436964304        5.1600000000000001     
  -1.6180339887498996        5.2000000000000002     
  -3.2202973801287351        5.2400000000000002     
  -4.2106939809463855        5.2800000000000002     
  -4.5109159569971649        5.3200000000000003     
  -4.1789886943520571        5.3600000000000003     
  -3.3819660112501104        5.4000000000000004     
  -2.3462888103377812        5.4400000000000004     
  -1.2989016552425243        5.4800000000000004     
 -0.41397468691262551        5.5200000000000005     
  0.22186927734301998        5.5600000000000005     
  0.61803398874989324        5.6000000000000005     
  0.86130534832832362        5.6399999999999997     
   1.0762930296724869        5.6799999999999997     
   1.3765150057232765        5.7199999999999998     
   1.8199966625516562        5.7599999999999998     
   2.3819660112501015        5.7999999999999998     
   2.9526674820504821        5.8399999999999999     
   3.3616490165584363        5.8799999999999999     
   3.4227945991278963        5.9199999999999999     
   2.9886813375875168        5.9600000000000000     
   2.0000000000000218        6.0000000000000000     
  0.51654538258794336        6.0400000000000000     
  -1.2794874192119026        6.0800000000000001     
  -3.1104869384411682        6.1200000000000001     
  -4.6557846483107612        6.1600000000000001     
  -5.6180339887498913        6.2000000000000002     
  -5.7884554678095750        6.2400000000000002     
  -5.0956209492762889        6.2800000000000002     
  -3.6259889886672858        6.3200000000000003     
  -1.6108306066712537        6.3600000000000003     
  0.61803398874988102        6.4000000000000004     
   2.6940052323426231        6.4400000000000004     
   4.2883073314271627        6.4800000000000004     
   5.1732342997570422        6.5200000000000005     
   5.2621633200234355        6.5600000000000005     
   4.6180339887498736        6.6000000000000005     
   3.4294634360091560        6.6400000000000006     
   1.9612199980024112        6.6799999999999997     
  0.49158803739339474        6.7199999999999998     
 -0.74816142512916484        6.7599999999999998     
  -1.6180339887498878        6.7999999999999998     
  -2.0876265606299058        6.8399999999999999     
  -2.2255599701112487        6.8799999999999999     
  -2.1644143875417918        6.9199999999999999     
  -2.0516127050928805        6.9600000000000000     
  -2.0000000000000000        7.0000000000000000     
  -2.0516127050928974        7.0400000000000000     
  -2.1644143875418060        7.0800000000000001     
  -2.2255599701112656        7.1200000000000001     
  -2.0876265606299489        7.1600000000000001     
  -1.6180339887499162        7.2000000000000002     
 -0.74816142512916950        7.2400000000000002     
  0.49158803739337475        7.2800000000000002     
   1.9612199980024039        7.3200000000000003     
   3.4294634360091605        7.3600000000000003     
   4.6180339887499153        7.4000000000000004     
   5.2621633200234461        7.4400000000000004     
   5.1732342997570635        7.4800000000000004     
   4.2883073314271609        7.5200000000000005     
   2.6940052323426160        7.5600000000000005     
  0.61803398874989846        7.6000000000000005     
  -1.6108306066712383        7.6400000000000006     
  -3.6259889886672720        7.6799999999999997     
  -5.0956209492762925        7.7199999999999998     
  -5.7884554678095714        7.7599999999999998     
  -5.6180339887498825        7.7999999999999998     
  -4.6557846483107488        7.8399999999999999     
  -3.1104869384411549        7.8799999999999999     
  -1.2794874192119154        7.9199999999999999     
  0.51654538258792027        7.9600000000000000     
