   2.0000000000000000        0.0000000000000000     
   1.6127935374093136       0.40000000000000002     
  0.30898070765696595       0.80000000000000004     
   1.1201544349648607        1.2000000000000002     
   3.9953456907579565        1.6000000000000001     
   5.8042260651806146        2.0000000000000000     
   4.6101409024629785        2.4000000000000004     
   2.3111150141648578        2.8000000000000003     
   2.0012742211141852        3.2000000000000002     
   3.7000869598530555        3.6000000000000001     
   4.3511410091698934        4.0000000000000000     
   2.0905321994886017        4.4000000000000004     
  -1.1167010544926812        4.8000000000000007     
  -2.1193669230071088        5.2000000000000002     
 -0.85446422198881311        5.6000000000000005     
 -0.35114100916989344        6.0000000000000000     
  -2.4640189823532683        6.4000000000000004     
  -5.2373421986139777        6.8000000000000007     
  -5.5471829916646458        7.2000000000000002     
  -3.3740729249631842        7.6000000000000005     
  -1.8042260651806146        8.0000000000000000     
  -2.7592777132581729        8.4000000000000004     
  -4.3562224124646534        8.8000000000000007     
  -3.5450486851567509        9.2000000000000011     
 -0.37672555990951417        9.6000000000000014     
   2.0000000000000027        10.000000000000000     
   1.6127935374093045        10.400000000000000     
  0.30898070765696151        10.800000000000001     
   1.1201544349648687        11.200000000000001     
   3.9953456907579663        11.600000000000001     
   5.8042260651806146        12.000000000000000     
   4.6101409024629696        12.400000000000000     
   2.3111150141648524        12.800000000000001     
   2.0012742211141896        13.200000000000001     
   3.7000869598530617        13.600000000000001     
   4.3511410091698934        14.000000000000000     
   2.0905321994885933        14.400000000000000     
  -1.1167010544926876        14.800000000000001     
  -2.1193669230071057        15.200000000000001     
 -0.85446422198880634        15.600000000000001     
 -0.35114100916989122        16.000000000000000     
  -2.4640189823532772        16.400000000000002     
  -5.2373421986139830        16.800000000000001     
  -5.5471829916646405        17.199999999999999     
  -3.3740729249631745        17.600000000000001     
  -1.8042260651806128        18.000000000000000     
  -2.7592777132581827        18.400000000000002     
  -4.3562224124646596        18.800000000000001     
  -3.5450486851567429        19.200000000000003     
 -0.37672555990950241        19.600000000000001     
   2.0000000000000053        20.000000000000000     
   1.6127935374092404        20.400000000000002     
  0.30898070765695484        20.800000000000001     
   1.1201544349648402        21.200000000000003     
   3.9953456907579770        21.600000000000001     
   5.8042260651806163        22.000000000000000     
   4.6101409024629607        22.400000000000002     
   2.3111150141648800        22.800000000000001     
   2.0012742211141958        23.200000000000003     
   3.7000869598531256        23.600000000000001     
   4.3511410091698881        24.000000000000000     
   2.0905321994886323        24.400000000000002     
  -1.1167010544926925        24.800000000000001     
  -2.1193669230070658        25.200000000000003     
 -0.85446422198879612        25.600000000000001     
 -0.35114100916989033        26.000000000000000     
  -2.4640189823532905        26.400000000000002     
  -5.2373421986140221        26.800000000000001     
  -5.5471829916646351        27.200000000000003     
  -3.3740729249632198        27.600000000000001     
  -1.8042260651806150        28.000000000000000     
  -2.7592777132582427        28.400000000000002     
  -4.3562224124646658        28.800000000000001     
  -3.5450486851567651        29.200000000000003     
 -0.37672555990949397        29.600000000000001     
   1.9999999999999971        30.000000000000000     
   1.6127935374092910        30.400000000000002     
  0.30898070765698171        30.800000000000001     
   1.1201544349648838        31.200000000000003     
   3.9953456907580400        31.600000000000001     
   5.8042260651806128        32.000000000000000     
   4.6101409024630051        32.399999999999999     
   2.3111150141648409        32.800000000000004     
   2.0012742211142323        33.200000000000003     
   3.7000869598530812        33.600000000000001     
   4.3511410091698837        34.000000000000000     
   2.0905321994885697        34.399999999999999     
  -1.1167010544927307        34.800000000000004     
  -2.1193669230070995        35.200000000000003     
 -0.85446422198883998        35.600000000000001     
 -0.35114100916990099        36.000000000000000     
  -2.4640189823533531        36.399999999999999     
  -5.2373421986139936        36.800000000000004     
  -5.5471829916646627        37.200000000000003     
  -3.3740729249631563        37.600000000000001     
  -1.8042260651806110        38.000000000000000     
  -2.7592777132581987        38.400000000000006     
  -4.3562224124646391        38.800000000000004     
  -3.5450486851567264        39.200000000000003     
 -0.37672555990943157        39.600000000000001     
   2.0000000000000102        40.000000000000000     
   1.6127935374093347        40.400000000000006     
  0.30898070765687491        40.800000000000004     
   1.1201544349649226        41.200000000000003     
   3.9953456907579947        41.600000000000001     
   5.8042260651806172        42.000000000000000     
   4.6101409024630504        42.400000000000006     
   2.3111150141648018        42.800000000000004     
   2.0012742211142052        43.200000000000003     
   3.7000869598530377        43.600000000000001     
   4.3511410091698846        44.000000000000000     
   2.0905321994885071        44.400000000000006     
  -1.1167010544927163        44.800000000000004     
  -2.1193669230071261        45.200000000000003     
 -0.85446422198888383        45.600000000000001     
 -0.35114100916990054        46.000000000000000     
  -2.4640189823533083        46.400000000000006     
  -5.2373421986139723        46.800000000000004     
  -5.5471829916645561        47.200000000000003     
  -3.3740729249630927        47.600000000000001     
  -1.8042260651806115        48.000000000000000     
  -2.7592777132581543        48.400000000000006     
  -4.3562224124646018        48.800000000000004     
  -3.5450486851566883        49.200000000000003     
 -0.37672555990947731        49.600000000000001     
   2.0000000000000093        50.000000000000000     
   1.6127935374091624        50.400000000000006     
  0.30898070765691421        50.800000000000004     
   1.1201544349648940        51.200000000000003     
   3.9953456907579499        51.600000000000001     
   5.8042260651806128        52.000000000000000     
   4.6101409024628799        52.400000000000006     
   2.3111150141648276        52.800000000000004     
   2.0012742211141781        53.200000000000003     
   3.7000869598532096        53.600000000000001     
   4.3511410091698970        54.000000000000000     
   2.0905321994885400        54.400000000000006     
  -1.1167010544926876        54.800000000000004     
  -2.1193669230071528        55.200000000000003     
 -0.85446422198871141        55.600000000000001     
 -0.35114100916988811        56.000000000000000     
  -2.4640189823532719        56.400000000000006     
  -5.2373421986140780        56.800000000000004     
  -5.5471829916645845        57.200000000000003     
  -3.3740729249631376        57.600000000000001     
  -1.8042260651806159        58.000000000000000     
  -2.7592777132581023        58.400000000000006     
  -4.3562224124647084        58.800000000000004     
  -3.5450486851567167        59.200000000000003     
 -0.37672555990952294        59.600000000000001     
   1.9999999999999942        60.000000000000000     
   1.6127935374092202        60.400000000000006     
  0.30898070765694108        60.800000000000004     
   1.1201544349648653        61.200000000000003     
   3.9953456907579046        61.600000000000001     
   5.8042260651806128        62.000000000000000     
   4.6101409024629234        62.400000000000006     
   2.3111150141648551        62.800000000000004     
   2.0012742211142847        63.200000000000003     
   3.7000869598531656        63.600000000000001     
   4.3511410091698970        64.000000000000000     
   2.0905321994885853        64.400000000000006     
  -1.1167010544926590        64.799999999999997     
  -2.1193669230070458        65.200000000000003     
 -0.85446422198875527        65.600000000000009     
 -0.35114100916991031        66.000000000000000     
  -2.4640189823534424        66.400000000000006     
  -5.2373421986140496        66.799999999999997     
  -5.5471829916646120        67.200000000000003     
  -3.3740729249631825        67.600000000000009     
  -1.8042260651806075        68.000000000000000     
  -2.7592777132582746        68.400000000000006     
  -4.3562224124646818        68.799999999999997     
  -3.5450486851567455        69.200000000000003     
 -0.37672555990935241        69.600000000000009     
   2.0000000000000218        70.000000000000000     
   1.6127935374092637        70.400000000000006     
  0.30898070765696772        70.799999999999997     
   1.1201544349648374        71.200000000000003     
   3.9953456907580751        71.600000000000009     
   5.8042260651806208        72.000000000000000     
   4.6101409024629687        72.400000000000006     
   2.3111150141647490        72.799999999999997     
   2.0012742211142571        73.200000000000003     
   3.7000869598531212        73.600000000000009     
   4.3511410091698757        74.000000000000000     
   2.0905321994886310        74.400000000000006     
  -1.1167010544927640        74.799999999999997     
  -2.1193669230070724        75.200000000000003     
 -0.85446422198879912        75.600000000000009     
 -0.35114100916990942        76.000000000000000     
  -2.4640189823533971        76.400000000000006     
  -5.2373421986140212        76.800000000000011     
  -5.5471829916646396        77.200000000000003     
  -3.3740729249632273        77.600000000000009     
  -1.8042260651806079        78.000000000000000     
  -2.7592777132582302        78.400000000000006     
  -4.3562224124646551        78.800000000000011     
  -3.5450486851566403        79.200000000000003     
 -0.37672555990939804        79.600000000000009     
