   3.0000000000000000        0.0000000000000000     
   3.2469540288814858        4.0000000000000001E-002
   2.7830508895219359        8.0000000000000002E-002
   1.8064055473378349       0.12000000000000000     
  0.62477515789508886       0.16000000000000000     
 -0.42705098312484191       0.20000000000000001     
  -1.0742310713531262       0.23999999999999999     
  -1.1712954689148587       0.28000000000000003     
 -0.73670146466112207       0.32000000000000001     
   5.5890044992721100E-002  0.35999999999999999     
  0.92705098312484191       0.40000000000000002     
   1.5688718935143413       0.44000000000000000     
   1.7301789788009476       0.47999999999999998     
   1.2877154946359985       0.52000000000000002     
  0.28479284967392604       0.56000000000000005     
  -1.0729490168751594       0.59999999999999998     
  -2.4642569763474822       0.64000000000000001     
  -3.5303059579959664       0.68000000000000005     
  -3.9648999622497012       0.71999999999999997     
  -3.5943780926933289       0.76000000000000001     
  -2.4270509831248437       0.80000000000000004     
 -0.65930388594532274       0.83999999999999997     
   1.3639420631728889       0.88000000000000000     
   3.2255143736868841       0.92000000000000004     
   4.5310330727218986       0.95999999999999996     
   5.0000000000000000        1.0000000000000000     
   4.5310330727218977        1.0400000000000000     
   3.2255143736868828        1.0800000000000001     
   1.3639420631728820        1.1200000000000001     
 -0.65930388594532374        1.1599999999999999     
  -2.4270509831248432        1.2000000000000000     
  -3.5943780926933275        1.2400000000000000     
  -3.9648999622496994        1.2800000000000000     
  -3.5303059579959601        1.3200000000000001     
  -2.4642569763474742        1.3600000000000001     
  -1.0729490168751596        1.4000000000000001     
  0.28479284967392693        1.4399999999999999     
   1.2877154946359988        1.4800000000000000     
   1.7301789788009454        1.5200000000000000     
   1.5688718935143346        1.5600000000000001     
  0.92705098312484358        1.6000000000000001     
   5.5890044992720322E-002   1.6400000000000001     
 -0.73670146466112518        1.6799999999999999     
  -1.1712954689148616        1.7200000000000000     
  -1.0742310713531258        1.7600000000000000     
 -0.42705098312483791        1.8000000000000000     
  0.62477515789508908        1.8400000000000001     
   1.8064055473378371        1.8800000000000001     
   2.7830508895219399        1.9199999999999999     
   3.2469540288814898        1.9600000000000000     
   3.0000000000000013        2.0000000000000000     
   2.0108860513817008        2.0400000000000000     
  0.43190988035204381        2.0800000000000001     
  -1.4296624301619594        2.1200000000000001     
  -3.1794509072855295        2.1600000000000001     
  -4.4270509831248468        2.2000000000000002     
  -4.8784571365337417        2.2400000000000002     
  -4.4073634464146476        2.2800000000000002     
  -3.0878424738310146        2.3199999999999998     
  -1.1801779325070685        2.3599999999999999     
  0.92705098312484757        2.3999999999999999     
   2.8049398710141378        2.4399999999999999     
   4.0813199879708382        2.4800000000000000     
   4.5237834721357846        2.5200000000000000     
   4.0890189148545382        2.5600000000000001     
   2.9270509831248459        2.6000000000000001     
   1.3399690888331250        2.6400000000000001     
 -0.29423798049617123        2.6800000000000002     
  -1.6137589530798113        2.7200000000000002     
  -2.3583101151935399        2.7600000000000002     
  -2.4270509831248428        2.8000000000000003     
  -1.8953718634451000        2.8399999999999999     
 -0.98719894599700475        2.8799999999999999     
  -1.0553603812895052E-002   2.9199999999999999     
  0.72680700754128602        2.9600000000000000     
   1.0000000000000000        3.0000000000000000     
  0.72680700754127914        3.0400000000000000     
  -1.0553603812903711E-002   3.0800000000000001     
 -0.98719894599702018        3.1200000000000001     
  -1.8953718634451215        3.1600000000000001     
  -2.4270509831248410        3.2000000000000002     
  -2.3583101151935382        3.2400000000000002     
  -1.6137589530798098        3.2800000000000002     
 -0.29423798049616834        3.3200000000000003     
   1.3399690888331364        3.3599999999999999     
   2.9270509831248579        3.3999999999999999     
   4.0890189148545470        3.4399999999999999     
   4.5237834721357917        3.4800000000000000     
   4.0813199879708382        3.5200000000000000     
   2.8049398710141258        3.5600000000000001     
  0.92705098312482925        3.6000000000000001     
  -1.1801779325070707        3.6400000000000001     
  -3.0878424738310128        3.6800000000000002     
  -4.4073634464146538        3.7200000000000002     
  -4.8784571365337399        3.7600000000000002     
  -4.4270509831248326        3.8000000000000003     
  -3.1794509072855197        3.8399999999999999     
  -1.4296624301619556        3.8799999999999999     
  0.43190988035205113        3.9199999999999999     
   2.0108860513816915        3.9600000000000000     
   2.9999999999999973        4.0000000000000000     
   3.2469540288814831        4.0400000000000000     
   2.7830508895219301        4.0800000000000001     
   1.8064055473378204        4.1200000000000001     
  0.62477515789508620        4.1600000000000001     
 -0.42705098312485124        4.2000000000000002     
  -1.0742310713531287        4.2400000000000002     
  -1.1712954689148565        4.2800000000000002     
 -0.73670146466111230        4.3200000000000003     
   5.5890044992722210E-002   4.3600000000000003     
  0.92705098312486611        4.4000000000000004     
   1.5688718935143500        4.4400000000000004     
   1.7301789788009541        4.4800000000000004     
   1.2877154946359957        4.5200000000000005     
  0.28479284967392515        4.5600000000000005     
  -1.0729490168751716        4.6000000000000005     
  -2.4642569763474880        4.6399999999999997     
  -3.5303059579959779        4.6799999999999997     
  -3.9648999622497123        4.7199999999999998     
  -3.5943780926933346        4.7599999999999998     
  -2.4270509831248370        4.7999999999999998     
 -0.65930388594531741        4.8399999999999999     
   1.3639420631729080        4.8799999999999999     
   3.2255143736868890        4.9199999999999999     
   4.5310330727218977        4.9600000000000000     
   5.0000000000000000        5.0000000000000000     
   4.5310330727218986        5.0400000000000000     
   3.2255143736868730        5.0800000000000001     
   1.3639420631728794        5.1200000000000001     
 -0.65930388594532441        5.1600000000000001     
  -2.4270509831248419        5.2000000000000002     
  -3.5943780926933258        5.2400000000000002     
  -3.9648999622496914        5.2800000000000002     
  -3.5303059579959570        5.3200000000000003     
  -2.4642569763474773        5.3600000000000003     
  -1.0729490168751652        5.4000000000000004     
  0.28479284967394403        5.4400000000000004     
   1.2877154946360030        5.4800000000000004     
   1.7301789788009483        5.5200000000000005     
   1.5688718935143329        5.5600000000000005     
  0.92705098312484668        5.6000000000000005     
   5.5890044992695564E-002   5.6399999999999997     
 -0.73670146466114494        5.6799999999999997     
  -1.1712954689148665        5.7199999999999998     
  -1.0742310713531276        5.7599999999999998     
 -0.42705098312484724        5.7999999999999998     
  0.62477515789511107        5.8399999999999999     
   1.8064055473378562        5.8799999999999999     
   2.7830508895219461        5.9199999999999999     
   3.2469540288814858        5.9600000000000000     
   3.0000000000000107        6.0000000000000000     
   2.0108860513816911        6.0400000000000000     
  0.43190988035203248        6.0800000000000001     
  -1.4296624301619625        6.1200000000000001     
  -3.1794509072855259        6.1600000000000001     
  -4.4270509831248370        6.2000000000000002     
  -4.8784571365337452        6.2400000000000002     
  -4.4073634464146432        6.2800000000000002     
  -3.0878424738310182        6.3200000000000003     
  -1.1801779325070765        6.3600000000000003     
  0.92705098312482948        6.4000000000000004     
   2.8049398710141458        6.4400000000000004     
   4.0813199879708462        6.4800000000000004     
   4.5237834721357819        6.5200000000000005     
   4.0890189148545417        6.5600000000000005     
   2.9270509831248108        6.6000000000000005     
   1.3399690888331128        6.6400000000000006     
 -0.29423798049618188        6.6799999999999997     
  -1.6137589530798071        6.7199999999999998     
  -2.3583101151935382        6.7599999999999998     
  -2.4270509831248259        6.7999999999999998     
  -1.8953718634450838        6.8399999999999999     
 -0.98719894599698743        6.8799999999999999     
  -1.0553603812898826E-002   6.9199999999999999     
  0.72680700754128624        6.9600000000000000     
   1.0000000000000000        7.0000000000000000     
  0.72680700754127092        7.0400000000000000     
  -1.0553603812918366E-002   7.0800000000000001     
 -0.98719894599701052        7.1200000000000001     
  -1.8953718634451187        7.1600000000000001     
  -2.4270509831248654        7.2000000000000002     
  -2.3583101151935422        7.2400000000000002     
  -1.6137589530798118        7.2800000000000002     
 -0.29423798049617433        7.3200000000000003     
   1.3399690888331297        7.3600000000000003     
   2.9270509831248726        7.4000000000000004     
   4.0890189148545568        7.4400000000000004     
   4.5237834721357961        7.4800000000000004     
   4.0813199879708417        7.5200000000000005     
   2.8049398710141320        7.5600000000000005     
  0.92705098312482415        7.6000000000000005     
  -1.1801779325070834        7.6400000000000006     
  -3.0878424738310226        7.6799999999999997     
  -4.4073634464146503        7.7199999999999998     
  -4.8784571365337417        7.7599999999999998     
  -4.4270509831248237        7.7999999999999998     
  -3.1794509072855064        7.8399999999999999     
  -1.4296624301619414        7.8799999999999999     
  0.43190988035203848        7.9199999999999999     
   2.0108860513816862        7.9600000000000000     
