   2.0000000000000000        0.0000000000000000     
   2.4527055959888315        4.0000000000000001E-002
   2.4502252826560613        8.0000000000000002E-002
   2.1400738456016697       0.12000000000000000     
   1.7366652631476316       0.16000000000000000     
   1.4640189823532619       0.20000000000000001     
   1.4965056160491470       0.23999999999999999     
   1.9124091717949552       0.28000000000000003     
   2.6718957973340931       0.32000000000000001     
   3.6249215476438152       0.35999999999999999     
   4.5471829916646493       0.40000000000000002     
   5.1952530246692721       0.44000000000000000     
   5.3672729470318714       0.47999999999999998     
   4.9541718452016781       0.52000000000000002     
   3.9687027000056245       0.56000000000000005     
   2.5450486851567562       0.59999999999999998     
  0.90901181005738874       0.64000000000000001     
 -0.67394562301435257       0.68000000000000005     
  -1.9600733535498513       0.71999999999999997     
  -2.7830693246865827       0.76000000000000001     
  -3.0905321994886052       0.80000000000000004     
  -2.9522571029753264       0.83999999999999997     
  -2.5384664306783771       0.88000000000000000     
  -2.0735001385884813       0.92000000000000004     
  -1.7765515456520857       0.95999999999999996     
  -1.8042260651806141        1.0000000000000000     
  -2.2092323426988778        1.0400000000000000     
  -2.9255043006043655        1.0800000000000001     
  -3.7834914552141505        1.1200000000000001     
  -4.5518674104679793        1.1599999999999999     
  -4.9953456907579579        1.2000000000000000     
  -4.9342818720616517        1.2400000000000000     
  -4.2912741625549256        1.2800000000000000     
  -3.1131674219833307        1.3200000000000001     
  -1.5629289554795851        1.3600000000000001     
  0.11670105449267498        1.4000000000000001     
   1.6589145275618984        1.4399999999999999     
   2.8342493660547872        1.4800000000000000     
   3.5026609896060696        1.5200000000000000     
   3.6435146417798938        1.5600000000000001     
   3.3562224124646480        1.6000000000000001     
   2.8315053103120560        1.6400000000000001     
   2.3005177171076734        1.6799999999999999     
   1.9745341842929987        1.7200000000000000     
   1.9902158394510785        1.7600000000000000     
   2.3740729249631944        1.8000000000000000     
   3.0349683485285510        1.8400000000000001     
   3.7865457295423002        1.8800000000000001     
   4.3940371867412455        1.9199999999999999     
   4.6338494596393565        1.9600000000000000     
   4.3511410091698934        2.0000000000000000     
   3.5010764266914611        2.0400000000000000     
   2.1634613320272971        2.0800000000000001     
  0.52702789846348896        2.1200000000000001     
  -1.1528658052418734        2.1600000000000001     
  -2.6127935374093170        2.2000000000000002     
  -3.6417317266020919        2.2400000000000002     
  -4.1286287682835265        2.2800000000000002     
  -4.0854478586927723        2.3199999999999998     
  -3.6401196320401792        2.3599999999999999     
  -3.0012742211141763        2.3999999999999999     
  -2.4035893004902684        2.4399999999999999     
  -2.0473681143154270        2.4800000000000000     
  -2.0473681143154283        2.5200000000000000     
  -2.4035893004902755        2.5600000000000001     
  -3.0012742211141830        2.6000000000000001     
  -3.6401196320401943        2.6400000000000001     
  -4.0854478586927812        2.6800000000000002     
  -4.1286287682835328        2.7200000000000002     
  -3.6417317266020941        2.7600000000000002     
  -2.6127935374093187        2.8000000000000003     
  -1.1528658052418754        2.8399999999999999     
  0.52702789846348064        2.8799999999999999     
   2.1634613320272948        2.9199999999999999     
   3.5010764266914594        2.9600000000000000     
   4.3511410091698908        3.0000000000000000     
   4.6338494596393502        3.0400000000000000     
   4.3940371867412411        3.0800000000000001     
   3.7865457295422864        3.1200000000000001     
   3.0349683485285466        3.1600000000000001     
   2.3740729249631931        3.2000000000000002     
   1.9902158394510776        3.2400000000000002     
   1.9745341842930013        3.2800000000000002     
   2.3005177171076836        3.3200000000000003     
   2.8315053103120627        3.3599999999999999     
   3.3562224124646645        3.3999999999999999     
   3.6435146417799094        3.4399999999999999     
   3.5026609896060732        3.4800000000000000     
   2.8342493660547881        3.5200000000000000     
   1.6589145275619039        3.5600000000000001     
  0.11670105449267298        3.6000000000000001     
  -1.5629289554795875        3.6400000000000001     
  -3.1131674219833236        3.6800000000000002     
  -4.2912741625549202        3.7200000000000002     
  -4.9342818720616446        3.7600000000000002     
  -4.9953456907579437        3.8000000000000003     
  -4.5518674104679739        3.8399999999999999     
  -3.7834914552141483        3.8799999999999999     
  -2.9255043006043575        3.9199999999999999     
  -2.2092323426988774        3.9600000000000000     
  -1.8042260651806150        4.0000000000000000     
  -1.7765515456520899        4.0400000000000000     
  -2.0735001385884848        4.0800000000000001     
  -2.5384664306783917        4.1200000000000001     
  -2.9522571029753357        4.1600000000000001     
  -3.0905321994886208        4.2000000000000002     
  -2.7830693246865938        4.2400000000000002     
  -1.9600733535498642        4.2800000000000002     
 -0.67394562301435768        4.3200000000000003     
  0.90901181005739096        4.3600000000000003     
   2.5450486851567651        4.4000000000000004     
   3.9687027000056272        4.4400000000000004     
   4.9541718452016790        4.4800000000000004     
   5.3672729470318679        4.5200000000000005     
   5.1952530246692685        4.5600000000000005     
   4.5471829916646396        4.6000000000000005     
   3.6249215476438112        4.6399999999999997     
   2.6718957973340842        4.6799999999999997     
   1.9124091717949558        4.7199999999999998     
   1.4965056160491526        4.7599999999999998     
   1.4640189823532752        4.7999999999999998     
   1.7366652631476454        4.8399999999999999     
   2.1400738456016821        4.8799999999999999     
   2.4502252826560680        4.9199999999999999     
   2.4527055959888342        4.9600000000000000     
   2.0000000000000036        5.0000000000000000     
   1.0525211241866257        5.0400000000000000     
 -0.30691810274007980        5.0800000000000001     
  -1.8889117674844169        5.1200000000000001     
  -3.4397824294079169        5.1600000000000001     
  -4.7000869598530430        5.2000000000000002     
  -5.4649644213070552        5.2400000000000002     
  -5.6315151153479528        5.2800000000000002     
  -5.2215917563288450        5.3200000000000003     
  -4.3744468059867136        5.3600000000000003     
  -3.3111150141648649        5.4000000000000004     
  -2.2793785149836143        5.4400000000000004     
  -1.4929403025173456        5.4800000000000004     
  -1.0798392006871573        5.5200000000000005     
  -1.0528281903199834        5.5600000000000005     
  -1.3089807076569668        5.6000000000000005     
  -1.6585370684003116        5.6399999999999997     
  -1.8757503359804255        5.6799999999999997     
  -1.7590325900031651        5.7199999999999998     
  -1.1853894805713387        5.7599999999999998     
 -0.14553577801119810        5.7999999999999998     
   1.2491399367150415        5.8399999999999999     
   2.7896285087956336        5.8799999999999999     
   4.2168073185044719        5.9199999999999999     
   5.2817782658275387        5.9600000000000000     
   5.8042260651806128        6.0000000000000000     
   5.7144590628743233        6.0400000000000000     
   5.0688114805203410        6.0800000000000001     
   4.0346535333313964        6.1200000000000001     
   2.8487502442076909        6.1600000000000001     
   1.7592777132581743        6.2000000000000002     
  0.96582306680374552        6.2400000000000002     
  0.57216821900193260        6.2800000000000002     
  0.56347146298858775        6.3200000000000003     
  0.81340369713670380        6.3600000000000003     
   1.1193669230071215        6.4000000000000004     
   1.2569599821237587        6.4400000000000004     
   1.0400832784597438        6.4800000000000004     
  0.37167165490845600        6.5200000000000005     
 -0.72764013209424760        6.5600000000000005     
  -2.1201544349648751        6.6000000000000005     
  -3.5810305686549664        6.6400000000000006     
  -4.8502136761024381        6.6799999999999997     
  -5.6936401278460043        6.7199999999999998     
  -5.9586746447089878        6.7599999999999998     
  -5.6101409024629696        6.7999999999999998     
  -4.7380855147888301        6.8399999999999999     
  -3.5353836514250392        6.8799999999999999     
  -2.2507300068252549        6.9199999999999999     
  -1.1286227394639032        6.9600000000000000     
 -0.35114100916989655        7.0000000000000000     
   4.1502934839825478E-003   7.0400000000000000     
  -2.0154152111323098E-002   7.0800000000000001     
 -0.27586582034624541        7.1200000000000001     
 -0.55025136101842265        7.1600000000000001     
 -0.62327444009049848        7.2000000000000002     
 -0.32672707865583162        7.2400000000000002     
  0.40952282473051627        7.2800000000000002     
   1.5357518996980206        7.3200000000000003     
   2.8905943736972759        7.3600000000000003     
   4.2373421986139919        7.4000000000000004     
   5.3194638101759244        7.4400000000000004     
   5.9217007588299539        7.4800000000000004     
   5.9217007588299531        7.5200000000000005     
   5.3194638101759217        7.5600000000000005     
   4.2373421986139626        7.6000000000000005     
   2.8905943736972768        7.6400000000000006     
   1.5357518996980073        7.6799999999999997     
  0.40952282473053114        7.7199999999999998     
 -0.32672707865582074        7.7599999999999998     
 -0.62327444009045008        7.7999999999999998     
 -0.55025136101839989        7.8399999999999999     
 -0.27586582034620732        7.8799999999999999     
  -2.0154152111301782E-002   7.9199999999999999     
   4.1502934840111916E-003   7.9600000000000000     
