   2.0000000000000000        0.0000000000000000     
   2.4279390702867749        4.0000000000000001E-002
   2.3640263757946514        8.0000000000000002E-002
   1.9893607267763378       0.12000000000000000     
   1.5593447787147638       0.16000000000000000     
   1.3294396110154294       0.20000000000000001     
   1.4813666401115029       0.23999999999999999     
   2.0699731799820738       0.28000000000000003     
   3.0053359125008070       0.32000000000000001     
   4.0750645421551335       0.35999999999999999     
   5.0008025928727484       0.40000000000000002     
   5.5135886674535382       0.44000000000000000     
   5.4275805379866435       0.47999999999999998     
   4.6920616030286997       0.52000000000000002     
   3.4075318773428664       0.56000000000000005     
   1.8014336573482352       0.59999999999999998     
  0.17002320625246248       0.64000000000000001     
  -1.1979081466497130       0.68000000000000005     
  -2.0948381822945765       0.71999999999999997     
  -2.4459051173144810       0.76000000000000001     
  -2.3240567938688548       0.80000000000000004     
  -1.9249961267436964       0.83999999999999997     
  -1.5089020628924701       0.88000000000000000     
  -1.3249417871764819       0.92000000000000004     
  -1.5392628717772132       0.95999999999999996     
  -2.1861920764307188        1.0000000000000000     
  -3.1560328313592803        1.0400000000000000     
  -4.2228706603093231        1.0800000000000001     
  -5.1048824603878122        1.1200000000000001     
  -5.5407725220695738        1.1599999999999999     
  -5.3615411046370181        1.2000000000000000     
  -4.5380332667283652        1.2400000000000000     
  -3.1912793818220244        1.2800000000000000     
  -1.5627388611166786        1.3200000000000001     
   4.7552899872526533E-002   1.3600000000000001     
   1.3582200375192852        1.4000000000000001     
   2.1782807621949032        1.4399999999999999     
   2.4540076469315717        1.4800000000000000     
   2.2783184247753052        1.5200000000000000     
   1.8603030565473038        1.5600000000000001     
   1.4633404442173714        1.6000000000000001     
   1.3288002241757573        1.6400000000000001     
   1.6062370275466427        1.6799999999999999     
   2.3092021340466085        1.7200000000000000     
   3.3088061530340616        1.7600000000000000     
   4.3668695428845350        1.8000000000000000     
   5.1996984431646132        1.8400000000000001     
   5.5551613004731619        1.8800000000000001     
   5.2820937015517435        1.9199999999999999     
   4.3731183903999922        1.9600000000000000     
   2.9691749979197901        2.0000000000000000     
   1.3244488467596214        2.0400000000000000     
 -0.25885787417274564        2.0800000000000001     
  -1.5082822300884215        2.1200000000000001     
  -2.2503609676848781        2.1600000000000001     
  -2.4526968035022398        2.2000000000000002     
  -2.2275408489130859        2.2400000000000002     
  -1.7960778024595745        2.2800000000000002     
  -1.4232932675697856        2.3199999999999998     
  -1.3413016596965603        2.3599999999999999     
  -1.6821418876068139        2.3999999999999999     
  -2.4384552009145248        2.4399999999999999     
  -3.4628514239929009        2.4800000000000000     
  -4.5062174491524809        2.5200000000000000     
  -5.2845979097516684        2.5600000000000001     
  -5.5564745321213440        2.6000000000000001     
  -5.1894123460409114        2.6400000000000001     
  -4.1979064908210084        2.6800000000000002     
  -2.7420737905544814        2.7200000000000002     
  -1.0874637990331859        2.7600000000000002     
  0.46317770618340448        2.8000000000000003     
   1.6477465234614181        2.8399999999999999     
   2.3111759488981392        2.8799999999999999     
   2.4424733583113376        2.9199999999999999     
   2.1724772864478412        2.9600000000000000     
   1.7331070204199921        3.0000000000000000     
   1.3893538087032551        3.0400000000000000     
   1.3626734920147541        3.0800000000000001     
   1.7667680804941812        3.1200000000000001     
   2.5733554201527791        3.1600000000000001     
   3.6173442845416388        3.2000000000000002     
   4.6400843311260145        3.2400000000000002     
   5.3589721780923991        3.2800000000000002     
   5.5444943656634686        3.3200000000000003     
   5.0837356547912593        3.3599999999999999     
   4.0130364032121379        3.3999999999999999     
   2.5108517173268439        3.4399999999999999     
  0.85267090992231243        3.4800000000000000     
 -0.65984155933652078        3.5200000000000000     
  -1.7763262167567468        3.5600000000000001     
  -2.3608859060337148        3.6000000000000001     
  -2.4238855524887986        3.6400000000000001     
  -2.1139000238552108        3.6800000000000002     
  -1.6721629997348113        3.7200000000000002     
  -1.3620716721370145        3.7600000000000002     
  -1.3930822993790992        3.8000000000000003     
  -1.8598451326060934        3.8399999999999999     
  -2.7132625281577427        3.8799999999999999     
  -3.7714451208153927        3.9199999999999999     
  -4.7676585742139350        3.9600000000000000     
  -5.4222600539305077        4.0000000000000000     
  -5.5190669397024150        4.0400000000000000     
  -4.9653656699164674        4.0800000000000001     
  -3.8191928765815479        4.1200000000000001     
  -2.2764009129466722        4.1600000000000001     
 -0.62093962760856691        4.2000000000000002     
  0.84822527319921703        4.2400000000000002     
   1.8937974187478674        4.2800000000000002     
   2.3997128596157538        4.3200000000000003     
   2.3975256722052136        4.3600000000000003     
   2.0525957354654807        4.4000000000000004     
   1.6139990129827382        4.4400000000000004     
   1.3419494428601284        4.4800000000000004     
   1.4326327115625717        4.5200000000000005     
   1.9610428721993571        4.5600000000000005     
   2.8574954129567649        4.6000000000000005     
   3.9243038114753919        4.6399999999999997     
   4.8881516411621400        4.6799999999999997     
   5.4739511071608487        4.7199999999999998     
   5.4801033972447080        4.7599999999999998     
   4.8346663311908902        4.7999999999999998     
   3.6171029138407924        4.8399999999999999     
   2.0396248863097481        4.8799999999999999     
  0.39311700960149387        4.9199999999999999     
  -1.0277545984845697        4.9600000000000000     
  -1.9999999999999967        5.0000000000000000     
  -2.4279390702867740        5.0400000000000000     
  -2.3640263757946349        5.0800000000000001     
  -1.9893607267763285        5.1200000000000001     
  -1.5593447787147625        5.1600000000000001     
  -1.3294396110154170        5.2000000000000002     
  -1.4813666401114975        5.2400000000000002     
  -2.0699731799820684        5.2800000000000002     
  -3.0053359125008199        5.3200000000000003     
  -4.0750645421551415        5.3600000000000003     
  -5.0008025928727466        5.4000000000000004     
  -5.5135886674535328        5.4400000000000004     
  -5.4275805379866453        5.4800000000000004     
  -4.6920616030287015        5.5200000000000005     
  -3.4075318773428780        5.5600000000000005     
  -1.8014336573482290        5.6000000000000005     
 -0.17002320625246736        5.6399999999999997     
   1.1979081466497021        5.6799999999999997     
   2.0948381822945668        5.7199999999999998     
   2.4459051173144695        5.7599999999999998     
   2.3240567938688494        5.7999999999999998     
   1.9249961267436699        5.8399999999999999     
   1.5089020628924554        5.8799999999999999     
   1.3249417871764841        5.9199999999999999     
   1.5392628717772132        5.9600000000000000     
   2.1861920764307232        6.0000000000000000     
   3.1560328313592780        6.0400000000000000     
   4.2228706603093391        6.0800000000000001     
   5.1048824603878211        6.1200000000000001     
   5.5407725220695765        6.1600000000000001     
   5.3615411046370225        6.2000000000000002     
   4.5380332667283669        6.2400000000000002     
   3.1912793818220306        6.2800000000000002     
   1.5627388611166930        6.3200000000000003     
  -4.7552899872525645E-002   6.3600000000000003     
  -1.3582200375192719        6.4000000000000004     
  -2.1782807621949041        6.4400000000000004     
  -2.4540076469315579        6.4800000000000004     
  -2.2783184247753003        6.5200000000000005     
  -1.8603030565473060        6.5600000000000005     
  -1.4633404442173563        6.6000000000000005     
  -1.3288002241757502        6.6400000000000006     
  -1.6062370275466398        6.6799999999999997     
  -2.3092021340465987        6.7199999999999998     
  -3.3088061530340687        6.7599999999999998     
  -4.3668695428845377        6.7999999999999998     
  -5.1996984431646061        6.8399999999999999     
  -5.5551613004731690        6.8799999999999999     
  -5.2820937015517453        6.9199999999999999     
  -4.3731183903999984        6.9600000000000000     
  -2.9691749979197781        7.0000000000000000     
  -1.3244488467596227        7.0400000000000000     
  0.25885787417273853        7.0800000000000001     
   1.5082822300884229        7.1200000000000001     
   2.2503609676848741        7.1600000000000001     
   2.4526968035022332        7.2000000000000002     
   2.2275408489130610        7.2400000000000002     
   1.7960778024595574        7.2800000000000002     
   1.4232932675697867        7.3200000000000003     
   1.3413016596965497        7.3600000000000003     
   1.6821418876068175        7.4000000000000004     
   2.4384552009145217        7.4400000000000004     
   3.4628514239928894        7.4800000000000004     
   4.5062174491524978        7.5200000000000005     
   5.2845979097516711        7.5600000000000005     
   5.5564745321213485        7.6000000000000005     
   5.1894123460409087        7.6400000000000006     
   4.1979064908209995        7.6799999999999997     
   2.7420737905544876        7.7199999999999998     
   1.0874637990331673        7.7599999999999998     
 -0.46317770618339560        7.7999999999999998     
  -1.6477465234614224        7.8399999999999999     
  -2.3111759488981241        7.8799999999999999     
  -2.4424733583113398        7.9199999999999999     
  -2.1724772864478235        7.9600000000000000     
